12.55 1
13.18 1
13.09 1
14.66 1
15.57 1
17.23 1
17.51 1
17.06 1
16.32 1
16.21 1
16.49 1
16.1 1
16.37 1
16.98 1
17.21 1
18.08 1
18.57 1
17.84 1
16.78 1
16.89 1
16.96 1
16.72 1
16.61 1
17.31 1
17.85 1
18.04 1
19.49 1
21.77 1
21.09 1
18.93 1
12.81 2
12.91 2
13.15 2
14.46 2
15.65 2
17.08 2
17.93 2
17.08 2
15.89 2
16.4 2
16.54 2
15.76 2
16.62 2
17.25 2
17.24 2
18.84 2
18.49 2
17.4 2
16.45 2
16.54 2
16.73 2
16.34 2
16.53 2
17.61 2
17.55 2
17.7 2
19.81 2
21.05 2
20 2
18.83 2